<svg width="48" height="48" viewBox="0 0 48 48" fill="none" xmlns="http://www.w3.org/2000/svg">
<g clip-path="url(#clip0_5799_1412)">
<path d="M25.385 47.4357C31.1743 47.006 36.5608 44.5674 40.5565 40.5682C44.5475 36.5725 46.9909 31.1801 47.4357 25.385V22.6139C47.0342 16.8585 44.592 11.472 40.56 7.44468C36.5315 3.41971 31.1438 0.977561 25.3862 0.564293H22.615C16.8258 0.993951 11.4392 3.43259 7.44353 7.43181C3.45251 11.4275 1.01037 16.8187 0.564317 22.615V25.3861C0.965878 31.1415 3.40802 36.528 7.44002 40.5553C11.4685 44.5791 16.8562 47.0224 22.6139 47.4345H25.385V47.4357ZM27.5614 46.1772C26.2549 46.4043 24.9495 46.519 23.6792 46.519C18.377 46.519 13.4225 44.5487 8.95261 40.6619L8.49719 40.265L13.1017 35.6476L13.4986 36.1089C14.2443 36.974 15.2359 37.3768 16.6197 37.3768H16.6595C18.5959 37.3662 20.6517 37.3604 23.3233 37.3604C24.5304 37.3604 25.7386 37.3604 26.9456 37.3627C28.1526 37.3627 29.3596 37.3651 30.5667 37.3651H31.4248H31.4365C31.5114 37.3686 31.5852 37.3698 31.6601 37.3698C32.8613 37.3698 33.8716 36.9483 34.5062 36.1838C35.6336 34.8738 35.7647 33.374 34.889 31.8357C33.9723 30.2166 33.031 28.574 32.1214 26.9854C30.9436 24.9296 29.7261 22.8047 28.5483 20.7056L28.3388 20.3321L40.3189 8.36254L40.7169 8.79688C46.3341 14.9257 48.0527 23.6745 45.2043 31.6297C42.3618 39.5696 35.7659 45.0076 27.5614 46.1783V46.1772ZM20.1893 10.5342C20.0769 10.5342 19.7058 10.5588 19.6695 10.8773V10.8925L19.6648 10.9077C19.6472 11.0142 19.5992 11.2987 20.2092 11.4568L20.6318 11.5668V12.0035C20.6318 12.6111 20.6318 13.2187 20.6318 13.8252C20.6342 15.278 20.6353 16.7801 20.6201 18.2599C20.6154 18.6544 20.5101 19.0455 20.3146 19.3897C17.9485 23.5575 15.5274 27.7885 13.2644 31.7385C12.7704 32.6014 12.5819 33.3717 12.6697 34.1631C12.7212 34.6232 12.3758 35.0142 12.2681 35.1243C11.89 35.5036 11.52 35.8782 11.1501 36.2517C10.2029 37.2094 9.22422 38.1998 8.21154 39.1692L7.79359 39.5684L7.40373 39.1411C1.68353 32.8695 0.00470606 23.9801 3.02168 15.9407C6.02812 7.93171 12.8289 2.58029 21.216 1.62498C22.2943 1.47161 23.3749 1.39317 24.4273 1.39317C29.7507 1.39317 34.697 3.35415 39.127 7.22224L39.5813 7.61912L27.5321 19.6823V11.5422L27.9665 11.4392C28.21 11.3819 28.4968 11.2519 28.4804 10.9639V10.9487C28.4746 10.7567 28.4055 10.6537 28.2322 10.5822C28.1233 10.5378 27.9255 10.5366 27.8506 10.5366C26.5136 10.5342 25.1766 10.5331 23.8396 10.5331C22.649 10.5331 21.4584 10.5331 20.2666 10.5342H20.2361C20.2197 10.5331 20.2033 10.5319 20.1869 10.5319L20.1893 10.5342ZM20.7395 36.5022C19.3229 36.5022 17.9064 36.5022 16.4898 36.5069C15.3752 36.5069 14.5651 36.1077 14.0055 35.287L13.7468 34.9077L14.0652 34.5776C15.9208 32.6529 17.8525 30.7376 19.721 28.8866C20.7524 27.8646 21.8189 26.8074 22.8597 25.7608C23.1337 25.488 23.5411 25.3897 23.8314 25.3873C24.7153 25.3803 25.6145 25.3803 26.4831 25.3791C27.4549 25.3791 28.4582 25.3791 29.4451 25.3686H29.4638C30.1347 25.3686 30.4297 25.7596 30.5948 26.0535C31.0268 26.825 31.4728 27.6059 31.9048 28.361C32.1764 28.8363 32.448 29.3116 32.7185 29.7881C32.8671 30.0492 33.0182 30.3091 33.1704 30.569C33.5602 31.2351 33.9629 31.9235 34.3025 32.6412C34.704 33.4876 34.6654 34.416 34.1971 35.1887C33.7206 35.9731 32.8625 36.4624 31.9013 36.4987H31.8814C30.3267 36.5034 28.7719 36.5046 27.2172 36.5046C26.1378 36.5046 25.0572 36.5046 23.9778 36.5034C22.8984 36.5034 21.8178 36.5034 20.7384 36.5034L20.7395 36.5022ZM13.0923 34.1479L14.736 30.9272C15.2769 29.8689 15.8904 28.8152 16.4851 27.7979C16.8504 27.1715 17.2285 26.5241 17.5821 25.886C17.6511 25.7666 17.8911 25.4025 18.2927 25.3943C18.7341 25.385 19.1684 25.3838 19.4974 25.3838H20.4351L21.7897 25.385L13.0935 34.1479H13.0923ZM26.5909 11.9415C26.5909 12.5128 26.5909 13.0818 26.5885 13.6472C26.5862 15.312 26.5827 16.8843 26.6037 18.4894C26.6072 18.7528 26.6939 19.0818 26.8601 19.4658C27.0041 19.7971 27.1095 20.2361 26.6447 20.6892C26.4387 20.8894 26.2303 21.0872 26.0219 21.2851C25.3955 21.8786 24.8031 22.4394 24.2845 23.0693C23.4767 24.0503 22.5483 24.5268 21.449 24.5268C21.2465 24.5268 21.0357 24.5104 20.8203 24.4777C20.6845 24.4578 20.5323 24.4472 20.3427 24.4472C20.1975 24.4472 20.0465 24.4531 19.8861 24.4589C19.7093 24.4648 19.5278 24.4718 19.3347 24.4718H18.3618L18.8453 23.6277C19.0724 23.2308 19.296 22.8421 19.5185 22.457C20.1226 21.4092 20.6927 20.4187 21.2453 19.4072C21.3811 19.159 21.4642 18.8453 21.4677 18.5666C21.4888 17.5223 21.4853 16.4628 21.4818 15.4373C21.4771 14.2876 21.4724 13.0993 21.504 11.9262L21.5181 11.3772H26.5909V11.9415ZM29.691 24.4472H24.247L27.7183 20.9936L29.691 24.4472Z" fill="#333F48"/>
</g>
<defs>
<clipPath id="clip0_5799_1412">
<rect width="48" height="48" fill="white"/>
</clipPath>
</defs>
</svg>
